,BookYield,SalesYield,CashYield,EarningsYield,FCFYield,OCFYield,MediumMomentum,Reversal,RND,ROE,ROA,LongTermGrowth,ShortTermGrowth,ShareBuyBack,DividendYield,LongTermInvestment,EarningsQuality,FinancialLeverage,CurrentRatio,ResidualRisk,Beta,Liquidity,Size,Household & Personal Products,"Agricultural, Timber, Packaging & Building Materials",Media,Commercial & Professional Services,Healthcare Equipment & Services,Chemicals,Insurance,Consumer Durables & Apparel,Banks,Energy Equipment & Services,"Food, Beverage & Tobacco",Software & Services,Utilities,"Pharmaceuticals, Biotechnology & Life Sciences",Retailing,REIT,Health Insurance & Managed Care,Metals & Mining,Capital Markets,Real Estate Services,Capital Goods,Internet Retail & Consumer Electronics,Transportation,Consumer Services,Automobiles & Auto Components,Diversified Financials,Oil & Gas E&P,Telecom Services,Semiconductors & Semiconductor Equipment,"Oil, Gas & Consumable Fuels",Technology Hardware & Equipment,Food & Staple Retailing
BookYield,0.0001282426322129763,-5.531978558633536e-06,-1.8391355881477588e-05,1.0984583357545924e-05,-8.621289669884917e-06,-1.0063908508399694e-05,1.3273755478944741e-05,-4.501335497325055e-05,1.6228082932413833e-05,-2.1483755113906405e-05,4.183757084658441e-05,-3.6174571697304016e-05,8.276536877890459e-06,3.8091013862691064e-06,-1.6010625321577265e-05,2.1184909912798654e-06,-3.0346949884144083e-06,4.402825882784092e-05,5.991826515279909e-06,-1.3365884442961097e-05,-0.00011901688835481209,7.729188822740753e-06,-1.7104141106770346e-05,-0.00046919803748373556,-0.00036204483324338277,-0.00020060468424734987,-0.00035245571251016507,-0.0004406219422172985,-0.00037366169833277237,-0.00010440002284130794,-0.00044762339412014317,5.4204650139872397e-05,-0.00016878664698241616,-0.00022485978640975505,-0.00038905655306811066,-0.0002197719818033396,-0.00027212587281570964,-0.0005076908903927861,-0.0004099405694236836,-0.00014183528824991906,-0.00013701843413560337,-0.00016920301165217837,-0.00043388745745633235,-0.0003274249791704477,-0.0003647216485532706,-0.0004465664047394283,-0.0003753685843244424,-0.00011697654704074561,-0.00017836054509695083,-0.0003415235408396837,-8.468397029847579e-05,-0.00037067612191649715,-0.0002694298938391481,-0.00040210534946984996,-0.00036393404631714673
SalesYield,-5.531978558633536e-06,0.0001622732025643384,-1.621122053437897e-05,1.1328882211110428e-05,3.106566752294128e-05,-7.766482408360835e-05,1.1195664852787272e-05,1.6471303824517915e-05,4.14503545285121e-05,2.878411499799652e-05,7.484048116112344e-06,1.5649558877334177e-05,-4.699935398980628e-06,3.4428873022216224e-06,-1.4856975841117608e-05,-1.9172998509822465e-05,-5.614893177182607e-06,-3.962542357294653e-05,1.0016948661576797e-06,3.069347293695614e-05,0.00017574675109799937,-4.608002997199149e-06,-4.144977036168855e-05,0.0001918701188200525,0.0003291693696711525,0.00042590871987575375,0.00027166466191044905,0.00022781499924452999,0.0002814480406047761,0.00012240756794394352,0.0005076529261715578,0.000308804835402826,0.0005080911457128592,0.00015865801443008565,0.00039991125548611184,3.115418401305969e-05,0.00016584788451293777,0.0003225439144489479,-3.460210310478086e-06,-3.988672473635493e-05,0.0005160520467492991,0.0003989402985567587,-0.00030471963697057455,0.0002968436383076007,0.0003601598215817118,0.00044333476774008964,0.00027885654541908827,0.00024247608442567043,0.00025340396914801566,0.0005612347945446785,0.00010127871459940445,0.0005372861110982252,0.0004283956126888175,0.0005133907330831239,-2.261039420841995e-05
CashYield,-1.8391355881477588e-05,-1.621122053437897e-05,0.0003582042742038117,-2.099081097017789e-05,-1.3786793149313197e-06,-6.264134268323675e-06,-1.6297417626785964e-05,9.388370544928981e-06,1.4335078762994835e-05,1.253129194883551e-06,3.083747094633705e-05,2.930385205691398e-05,-2.779983517636069e-05,2.899980354742362e-05,6.520433347114815e-05,2.20617342964192e-05,2.7292315894928897e-05,-9.226529040455405e-06,-5.455184906796618e-05,3.4816901602559064e-05,-4.985774716605064e-05,-1.6560606002178055e-05,-4.1969524968357045e-05,0.0004455472551969884,4.327470810334853e-05,0.0003268894169197291,0.00021120728525333868,0.00015864427653897363,0.0003866550632637971,-0.00013216463365181756,0.00024443664338977456,-0.0003264023871270498,0.0003066864153389988,2.400288402551643e-05,0.00011367557426815919,8.023195692482734e-05,0.00013036705326544183,0.0002681287469405134,0.00016487621339502046,-1.0256835096607618e-05,0.00012783052410071048,-0.00011407700363704304,-2.7432576500332943e-05,-6.158922292760527e-06,0.0003304741094432669,0.00011057063833707796,0.00019283490831327504,-4.4568964851825224e-05,9.31824578927519e-05,0.00022011962098000351,0.0003059592647656908,0.0003306128174677407,0.00012301753393532573,0.00039933310353102027,8.979529777952424e-05
EarningsYield,1.0984583357545924e-05,1.1328882211110428e-05,-2.099081097017789e-05,0.0003167419982698653,3.104560867165839e-05,-2.2023172254649933e-06,-0.00020336292047242808,0.00010320327924165334,-6.262683399541046e-05,-6.97995916962944e-06,-0.00012474973039647354,-4.833700025210504e-05,-0.0001160164880529387,2.9190641797290914e-05,0.0001074917120172098,-9.294615095674938e-06,2.127382169363864e-05,2.706862539911746e-06,4.817223688075703e-05,0.00018488648213273274,0.0004869097511321792,-2.754453814532463e-05,8.791190155578504e-05,0.001435147149574785,0.0019474095586691333,0.0011836340585050914,0.0012838093430113094,0.001500864154399251,0.0022192181070330177,0.0011525156616664482,0.0018968439987633945,0.002333386781862845,0.002939623592310142,0.0010960973027940044,0.0009032670076252866,0.000982522445667164,0.0014570632122342347,0.0015943572958578979,0.0011744336583959963,0.0007334023174784585,0.00203629126045872,0.0020217345207925327,0.0019402344900833202,0.0016271588025217752,0.0013270840070676053,0.0020083694796231167,0.0014279501250416817,0.0018248491284928129,0.0017363817942311543,0.0024758257617220345,0.0005627171711066378,0.0013543001123436829,0.001827925366253689,0.0009768224246431132,0.0010499850944132574
FCFYield,-8.621289669884917e-06,3.106566752294128e-05,-1.3786793149313197e-06,3.104560867165839e-05,0.00035223478775696214,-0.0003586303363281456,-2.0788135456570902e-05,-6.82222008073809e-05,1.849361567859615e-05,1.7842274982122077e-05,-7.015644199390574e-06,7.0737456724754136e-06,-4.945772662171189e-07,1.003003927551531e-07,-8.641917832117565e-06,-0.00012413260415511233,2.7106728285462785e-06,-1.3673197890735678e-05,-2.3510967847274676e-05,4.3574707780145e-05,2.1127319743855588e-05,-1.2132756240746896e-05,4.9671784125559296e-05,4.973409189159237e-05,0.00019777151267418358,-0.00012504410889692435,1.1566769335475277e-05,-4.7762529537598376e-05,-0.0001364146110571868,-0.00034385160606623544,0.00027551632019067504,-0.00010447045382764656,-0.0006536899448519339,1.2188339370482467e-05,1.3894388079318634e-05,-0.0005274238209717532,-4.4264127872046775e-06,0.00038815030872992295,-0.0003384891713290818,-3.8574264264415784e-05,-0.00036702418116923893,-0.0001190458102270873,-0.00041385834021955226,-2.36044232115879e-05,8.203866201037304e-05,2.782522133894097e-06,8.369708018202646e-05,6.211749193396129e-05,-0.00016317886128055094,-0.0008445871306294256,-0.0002761585280117156,7.473112670615181e-05,-0.0006131540389877784,2.441537676822478e-05,0.0001804572782634701
OCFYield,-1.0063908508399694e-05,-7.766482408360835e-05,-6.264134268323675e-06,-2.2023172254649933e-06,-0.0003586303363281456,0.0007164231136502009,-8.368458363536747e-05,8.818153113884276e-05,-6.079430261073369e-06,-1.5982064413871396e-05,-6.27057242445189e-05,-1.0912928145676467e-05,-5.169305317115186e-05,1.6545953230452805e-05,8.671508184034656e-05,0.00013608700650150573,1.577370169834467e-05,1.3144179536691966e-05,3.689179776294754e-05,-1.180153301844242e-05,-9.127822152056849e-05,-1.253343285887581e-05,6.253912785610892e-06,-6.01792744390253e-05,-6.281893880349578e-05,-9.227991531981993e-05,-0.00012445543650694193,-9.836081282967477e-05,0.0003422689528694164,0.00010970867762223044,-0.0001290618752933816,-0.00010020480976980478,0.002041432608667854,-6.504519974177065e-05,-0.00021628260802646795,0.00044552207893609264,-0.0002567564030740156,-0.0002454687745426134,0.00030043944900859615,4.110535382895075e-05,0.00045106674541994004,-6.603873187092269e-05,0.0008640392324066015,-1.2368004572678803e-05,-0.00014203637179957494,0.00013503126613919367,-0.00012768600688679553,0.00016024865870920848,-2.12635726643062e-05,0.002009053041902065,-3.2491063413916375e-05,-0.00047177364597888603,0.0011664805956514781,-0.0004831582325866082,-4.78330511706164e-05
MediumMomentum,1.3273755478944741e-05,1.1195664852787272e-05,-1.6297417626785964e-05,-0.00020336292047242808,-2.0788135456570902e-05,-8.368458363536747e-05,0.0009403925699015104,-0.00017548075713039467,8.31946681061943e-05,-1.0533087275803022e-05,5.888689013723907e-05,3.319872279965293e-05,0.0002527180032921091,-3.71428471671201e-05,-0.0002759326895247003,3.1886988795383076e-05,-2.090640203622058e-05,4.5545855911502086e-05,-1.3231059930461285e-05,-5.458575960265684e-05,0.00021253664040967257,9.3376664794963e-05,-0.00019180698996336724,-0.0016227078078947447,-0.001791354298681367,-7.543789553859389e-05,-0.00042048376158736135,-0.0015904017865458072,-0.0022072938182104065,0.0005147660462463515,-0.0017795675037190564,-0.0006321784151107665,-0.0023496507110913173,-0.0010055773284213736,-5.7623520864489323e-05,0.00036840591830448376,-0.0013383908837559886,-0.0015993804970263015,-0.0009485764519767589,-0.0002228268466761136,-0.0008875613221090154,-0.00013259086930812096,-0.0022682105665592345,-0.00025385466123182176,-0.000751358123851517,-0.0014894121330821313,-0.0005415270749215365,-0.001735358443278926,-0.00046884196709765516,-0.0006721720363415915,0.0002343790263897649,-0.0006535784330174837,0.00025826936545141413,0.0005240777870200222,-0.0006581308790296153
Reversal,-4.501335497325055e-05,1.6471303824517915e-05,9.388370544928981e-06,0.00010320327924165334,-6.82222008073809e-05,8.818153113884276e-05,-0.00017548075713039467,0.0005252931073049227,-5.2524914256374567e-05,9.73873885373782e-06,-8.27103973194167e-05,3.5461619308482316e-05,-9.764068966429039e-05,4.171023333832687e-05,6.715314211793503e-05,3.584746895174929e-05,2.1096384193703377e-05,-3.709134161342435e-05,1.768071997154289e-05,0.00018689748760362238,0.0005048294043036537,-3.4444229182274345e-05,2.085123040366602e-05,0.0015726472201947996,0.001697779635058919,0.001420941982683407,0.0015048340619122076,0.0019944785994299844,0.0022576133849332917,0.00122518321779498,0.0021657926462333678,0.0018686376485187812,0.001477062020702406,0.001318114425825379,0.001540458510712324,0.001124535342539304,0.0015431972580032848,0.0016886248302146298,0.0015924750760159159,0.0012323123082379026,0.0019425199555449905,0.0016972899157742807,0.002501891772156586,0.0014131194168683,0.0019177059229072645,0.0019160262206152287,0.001576775720465238,0.0016803506545075555,0.0016364597154121443,0.0017756682756254125,0.001120298603422121,0.0015861839932025086,0.0013173406951697468,0.0013379578685380918,0.0012555090427504134
RND,1.6228082932413833e-05,4.14503545285121e-05,1.4335078762994835e-05,-6.262683399541046e-05,1.849361567859615e-05,-6.079430261073369e-06,8.31946681061943e-05,-5.2524914256374567e-05,0.0001744237597537963,2.088687569880745e-06,6.521107324416525e-05,2.3302559999751907e-05,4.434908956727716e-05,-2.524648126895884e-05,-4.920303899562744e-05,-6.688162024312351e-06,1.5331974301197522e-06,1.5177391534290304e-06,-9.847166290530065e-06,8.263063928682339e-06,-0.00011877264829105713,7.325281587929607e-06,-4.374428775889499e-05,-0.0007662280974498531,-0.0007863714719734777,-0.0003633756284206766,-0.0005447697362487969,-0.0007445326558383838,-0.0007666409302098446,-0.0007012715967962084,-0.0007674046925317268,-0.0009534965353460868,-0.001082604386864059,-0.0006593052352616779,-0.00014246757022856518,-0.0007806459807438515,-0.0005691838782415778,-0.0006646229402171971,-0.0008790376003211841,-0.00028627690787740067,-0.0005090172313312631,-0.0008009991939890557,-0.00131425036047571,-0.000658278613442527,-0.0002522506894113975,-0.0009054886185722275,-0.0005101540382236287,-0.0007164863926668769,-0.0007584934964411231,-0.0008741268251811336,-0.0003980503345316078,-0.00017377365274330098,-0.0006984364129462404,-0.00019454122111442127,-0.0005449165113513943
ROE,-2.1483755113906405e-05,2.878411499799652e-05,1.253129194883551e-06,-6.97995916962944e-06,1.7842274982122077e-05,-1.5982064413871396e-05,-1.0533087275803022e-05,9.73873885373782e-06,2.088687569880745e-06,0.00010913601676205552,-5.6233549883941056e-05,5.109612108079872e-06,-1.933370522013525e-06,-1.1696567807895741e-05,9.498343118144285e-06,-1.1771580136958886e-05,2.2352692778567385e-06,-8.051889116555997e-05,3.777365097014261e-06,4.015673461412674e-05,0.00016935717962112315,8.238239522340755e-06,-7.024361104828989e-06,0.0003226535907121857,0.0003356317718182416,0.0002822299005719363,0.0003290508368750699,0.00037965157068385917,0.0003381565115211351,0.00013885435317789716,0.0004194121488345854,0.00021338542628212374,0.0004245951263492853,0.0002381995953953375,0.00036427643717089233,0.000139005825845366,0.00023807637148261714,0.0004676419740069185,0.00015736641756100504,0.0001990297125847652,0.00043705954044412457,0.00032438747192161966,1.1349775982827109e-05,0.00034669110692090685,0.00034639495983426445,0.0004550792788918399,0.00038410817694330726,0.00031717641933940805,0.0002997809289554689,0.0002884540775428061,0.00013700809585832162,0.00038948996638714156,0.00023039749096941323,0.0003340351910326838,0.0002561108302190201
ROA,4.183757084658441e-05,7.484048116112344e-06,3.083747094633705e-05,-0.00012474973039647354,-7.015644199390574e-06,-6.27057242445189e-05,5.888689013723907e-05,-8.27103973194167e-05,6.521107324416525e-05,-5.6233549883941056e-05,0.000227228857590004,-1.8466720778406684e-06,5.3739747208724346e-05,-2.1097074081320307e-05,-5.515108822730581e-05,6.943175389911694e-06,-3.4770548267443645e-06,5.6897502486638854e-05,-2.5530435489370688e-05,-0.00012914544017121057,-0.00043407774389885706,-1.6457012746329855e-05,-2.4565707352551454e-05,-0.00104387204834007,-0.00123500970294553,-0.0010208144131109717,-0.001043237464851428,-0.001314025532730215,-0.0014236264654642864,-0.0010253161061508165,-0.0013195477070096866,-0.001745840582120141,-0.001967155587227002,-0.0009007869499425401,-0.0008850888914853888,-0.0010101836048469796,-0.0010472798992936434,-0.0010870210572122233,-0.0011294659888929299,-0.0005899468793050431,-0.0015439903770113582,-0.0016588576732395435,-0.0014563076974439127,-0.0012721123930648634,-0.0010473348766896439,-0.0015133923352257973,-0.0011301801147280777,-0.0011742151650786495,-0.0013638854936189396,-0.0019066761214575412,-0.00042758560273891365,-0.0007897876885401213,-0.0014738557282292812,-0.0008214999457882679,-0.0008606341663585947
LongTermGrowth,-3.6174571697304016e-05,1.5649558877334177e-05,2.930385205691398e-05,-4.833700025210504e-05,7.0737456724754136e-06,-1.0912928145676467e-05,3.319872279965293e-05,3.5461619308482316e-05,2.3302559999751907e-05,5.109612108079872e-06,-1.8466720778406684e-06,0.00013713930012201038,-2.5289550381460955e-05,2.921328903737124e-06,-9.087090773435666e-06,4.051163078145676e-06,-4.862331917184331e-07,-1.324820425653016e-05,-1.905014279614895e-05,2.064457224192191e-05,0.00012732951507833342,-2.7952840037362885e-05,-1.5390505338436725e-05,0.00013980812389335646,9.869630223480339e-05,0.0004215197701362015,0.00029420821498251704,0.0002792055295817706,0.00023779561761853925,0.0001469305038723495,0.00024897169780293074,0.00013180927436637045,-8.52559103980261e-06,8.502884996247498e-05,0.0005448111482165835,2.1287153801566492e-07,9.746353179367974e-05,0.00018156318888297999,0.00018760503492690534,0.0001321855569246105,-4.39633275130136e-05,0.0002384046084706784,0.0001685138432509636,0.00019019778237870012,0.0005455217230969441,0.0003030694694924217,0.00029828574811392375,-7.391418334665994e-06,0.00021636398348210325,0.00015873400175358404,0.0003109934694288731,0.00029461871122071147,0.00015581252281322337,0.0003919397394916612,9.354521258145617e-05
ShortTermGrowth,8.276536877890459e-06,-4.699935398980628e-06,-2.779983517636069e-05,-0.0001160164880529387,-4.945772662171189e-07,-5.169305317115186e-05,0.0002527180032921091,-9.764068966429039e-05,4.434908956727716e-05,-1.933370522013525e-06,5.3739747208724346e-05,-2.5289550381460955e-05,0.0002333749703753753,-2.5958400987677874e-05,-0.00010294842303171548,1.5091368016814041e-05,-3.683538513276996e-05,1.834219096213885e-05,-7.616886104076202e-06,-8.41003035117813e-05,-0.0001800450658989175,3.241626990161359e-05,-9.385777093674771e-05,-0.0012091199219296288,-0.0014154286958704347,-0.0008228744988952496,-0.0009335433899452338,-0.0011782891479552942,-0.0018544017182828402,-0.0005844515322605831,-0.0015314367034132575,-0.001315818611874295,-0.0018587160788191563,-0.000854750297326275,-0.0006289802360327934,-0.0004969142108054629,-0.001073747459206043,-0.001207784544753503,-0.0010104478019016096,-0.00040978188069666865,-0.0011962660995840063,-0.0011698705593487296,-0.001557978501457129,-0.0009187818861887743,-0.0009885125367482372,-0.0015433536808991664,-0.00095186890016918,-0.001359267852811602,-0.0011150904318972005,-0.001319516452655571,-0.0005605837287699924,-0.001133627344303667,-0.0008206440772429257,-0.0005842267387950625,-0.000825045309664301
ShareBuyBack,3.8091013862691064e-06,3.4428873022216224e-06,2.899980354742362e-05,2.9190641797290914e-05,1.003003927551531e-07,1.6545953230452805e-05,-3.71428471671201e-05,4.171023333832687e-05,-2.524648126895884e-05,-1.1696567807895741e-05,-2.1097074081320307e-05,2.921328903737124e-06,-2.5958400987677874e-05,0.00010187188513131608,2.9107735205038502e-05,7.6000129200364075e-06,5.4665823783758934e-06,1.6004561005681296e-05,-2.3531808006684987e-06,4.102473235596729e-06,2.3077713303752466e-05,-1.733761891468038e-05,2.0787659217576796e-05,0.00044868893538438473,0.0004870911825997871,0.0004044510395477639,0.00045957711546202733,0.0004184498092203751,0.0005688736651268759,0.0004895064493633587,0.000543276371411654,0.0006503598749486132,0.0008260647377865563,0.00027771157377909735,0.0003334288089156369,0.00020137892400316843,0.0003206976820919071,0.0005101439147704682,0.0003962331239641838,0.00027422601107375674,0.00039938662156313213,0.0005550385396468665,0.0006238336638618967,0.0003988349226645886,0.00042066871334057174,0.0006105458159300398,0.0004814394695091064,0.0005011568486599535,0.0005197055926432473,0.0007744778571329993,0.0003813551984682563,0.0002824703077107956,0.0005629984916103288,0.00028395319840970466,0.0003294534837611633
DividendYield,-1.6010625321577265e-05,-1.4856975841117608e-05,6.520433347114815e-05,0.0001074917120172098,-8.641917832117565e-06,8.671508184034656e-05,-0.0002759326895247003,6.715314211793503e-05,-4.920303899562744e-05,9.498343118144285e-06,-5.515108822730581e-05,-9.087090773435666e-06,-0.00010294842303171548,2.9107735205038502e-05,0.0002570934381913222,-1.1443455158485523e-06,2.5328591869167492e-05,-2.022912125185649e-05,1.070135391916242e-05,5.221461030801527e-05,-9.950720303823523e-05,-2.8576708978761318e-05,5.83991437976485e-05,0.0010001810367805191,0.000697784098995389,0.0001974337572885461,0.0002668586683480212,0.0004852906344527521,0.0010686119822612466,0.00011708714682105496,0.0006897053670515955,0.0005367866442214669,0.0017635024610206718,0.0004566453489444059,-5.734138659329757e-06,0.00025816717511975204,0.0005215556616454671,0.0006035893705940486,0.0007376491761869956,-0.00011658513724369726,0.00043657732557119273,0.00033248411092372195,0.0013233317502227425,0.00020904166765799438,0.0003124619208081095,0.0007366264041966126,0.000309242644169505,0.0006918436546855377,0.0004578148290041872,0.0010559805468367013,8.467287125296694e-06,0.000105684344637189,0.0005829895802497303,-0.00020004965235362784,0.00031875811674280177
LongTermInvestment,2.1184909912798654e-06,-1.9172998509822465e-05,2.20617342964192e-05,-9.294615095674938e-06,-0.00012413260415511233,0.00013608700650150573,3.1886988795383076e-05,3.584746895174929e-05,-6.688162024312351e-06,-1.1771580136958886e-05,6.943175389911694e-06,4.051163078145676e-06,1.5091368016814041e-05,7.6000129200364075e-06,-1.1443455158485523e-06,0.00011966765890411235,-1.8840111482204387e-06,1.2369050357157378e-05,8.590183798391547e-07,2.5439372718555563e-06,-2.002234047864563e-05,-7.033969938554635e-06,-2.5750294996838158e-05,4.886860337324317e-05,-1.2869657439177071e-05,0.0001668268608607881,4.4957087842873976e-05,1.359835190639328e-06,0.0001125240516454618,0.00022676908908436828,-7.211995975884768e-05,6.064889628422878e-05,0.00018068085004524812,5.08053219689362e-07,7.641929042485623e-05,0.0002536152251659309,7.89396589442503e-05,-8.21876594799134e-05,0.00014126237306918182,5.836324965068533e-05,0.00013372247276844607,0.00013099490711703286,0.0002441656004820093,0.00013620001861592814,2.9562056643724236e-05,-1.0244465573375256e-05,-1.0482494756503262e-05,-0.00011128573852342913,0.00014524316925011894,0.00032567296591941004,0.00015906008081764033,-4.990203593026752e-05,0.00030125560575119253,0.00013423330102025534,-6.221836987783486e-05
EarningsQuality,-3.0346949884144083e-06,-5.614893177182607e-06,2.7292315894928897e-05,2.127382169363864e-05,2.7106728285462785e-06,1.577370169834467e-05,-2.090640203622058e-05,2.1096384193703377e-05,1.5331974301197522e-06,2.2352692778567385e-06,-3.4770548267443645e-06,-4.862331917184331e-07,-3.683538513276996e-05,5.4665823783758934e-06,2.5328591869167492e-05,-1.8840111482204387e-06,7.282180114075864e-05,-6.6949238290744025e-06,1.718291554856387e-05,5.256696574345779e-05,4.932678193841104e-05,-1.2385233531592426e-06,2.5078447498227164e-05,0.0003225717830947329,0.00042862590056180836,0.0003335935828437766,0.00036433939422721986,0.00033686724186762513,0.0005716226532602593,0.00030284795301875226,0.0004732237229691369,0.0003678744093962725,0.00040183397139114107,0.00024895655822247843,0.00029416166264481026,0.0002622346421847429,0.0003372587293048452,0.0004541098678604159,0.00041750653899689583,0.00025800819563067117,0.00043429062597932457,0.000389407650438864,0.00043358344568974295,0.00035306300660524514,0.0003116944834202401,0.0004137254446979056,0.00038000387764998867,0.00038425786633458376,0.0003746400493448229,0.0003448969266702267,0.0003077495207088559,0.0004631725447960589,0.0003124129725972508,0.0003138177689188256,0.00035700030290882205
FinancialLeverage,4.402825882784092e-05,-3.962542357294653e-05,-9.226529040455405e-06,2.706862539911746e-06,-1.3673197890735678e-05,1.3144179536691966e-05,4.5545855911502086e-05,-3.709134161342435e-05,1.5177391534290304e-06,-8.051889116555997e-05,5.6897502486638854e-05,-1.324820425653016e-05,1.834219096213885e-05,1.6004561005681296e-05,-2.022912125185649e-05,1.2369050357157378e-05,-6.6949238290744025e-06,0.00012312241991412575,2.8575600714951023e-06,-4.829120055715876e-05,-0.0001778654908923403,-1.9312999486381677e-05,3.089821389509042e-05,-0.00036643890887482747,-0.0002780021349076925,-0.00025487335902800825,-0.00021913767024813694,-0.0004188649407583839,-0.0003344584236002499,0.00013985710072956237,-0.00040405022523553154,-2.436919370641526e-05,-0.0002020328260902426,-0.0002187253551234808,-0.00027448581797529425,-7.593711333583172e-05,-0.00021142167554067434,-0.00038561581932729244,-0.00020210865639177066,9.43567583887665e-05,-0.0003915959642170981,-0.0001912471458043958,-0.00015630955933378684,-0.00019341003521291492,-0.00031062064804221646,-0.0003559136152449032,-0.0002455095216275586,-0.00016421251175032813,-0.00015455810708448538,-0.00012322851153755306,6.545272725766972e-05,-0.0003831642928653697,-1.4955476346489295e-05,-0.0002690590140929504,-0.0001840389255439309
CurrentRatio,5.991826515279909e-06,1.0016948661576797e-06,-5.455184906796618e-05,4.817223688075703e-05,-2.3510967847274676e-05,3.689179776294754e-05,-1.3231059930461285e-05,1.768071997154289e-05,-9.847166290530065e-06,3.777365097014261e-06,-2.5530435489370688e-05,-1.905014279614895e-05,-7.616886104076202e-06,-2.3531808006684987e-06,1.070135391916242e-05,8.590183798391547e-07,1.718291554856387e-05,2.8575600714951023e-06,0.00016679282513896,4.096813177952605e-05,0.0001721607154280956,1.817355324720555e-05,-1.2004436845277288e-05,4.206702130126018e-05,0.00021306822582533373,0.00022685663134578313,1.981458753156517e-05,0.00024300205686829192,0.0003087568522760455,-1.4001371394212154e-05,0.00021581372182917063,0.00025339793208222546,0.0003791436170726146,0.00015714036992485193,0.0001772871309371454,7.905617656564726e-05,0.00018075498812855596,0.00023133205364307246,5.566410755914162e-05,0.00022974250162436716,0.00028953281251885055,0.00027752636534341947,0.00023739314690057988,0.0003036141785369555,0.00026431189399317645,0.0003931964718697006,0.00024195081182115826,0.00033168072565916817,0.00025978757480433356,0.00042971582174554146,7.543924896863577e-05,0.00040613359921607973,0.000339702719252882,0.00027340204470184114,0.0001409523620254775
ResidualRisk,-1.3365884442961097e-05,3.069347293695614e-05,3.4816901602559064e-05,0.00018488648213273274,4.3574707780145e-05,-1.180153301844242e-05,-5.458575960265684e-05,0.00018689748760362238,8.263063928682339e-06,4.015673461412674e-05,-0.00012914544017121057,2.064457224192191e-05,-8.41003035117813e-05,4.102473235596729e-06,5.221461030801527e-05,2.5439372718555563e-06,5.256696574345779e-05,-4.829120055715876e-05,4.096813177952605e-05,0.0009150210808125655,0.0011116472164027168,-9.787489070499474e-06,-6.978208398400198e-05,0.0027627557400099105,0.003779188871688076,0.003407274362498956,0.003220830133713773,0.003551857445416459,0.004213379789367957,0.002551696031792732,0.003636710059295985,0.0036617026986988555,0.004302645140951893,0.0024545658945424307,0.0033782706324080765,0.002660146247108566,0.002906943682703117,0.0031178692859167045,0.0030785549966199656,0.002121373751839178,0.004149753431692028,0.004149625036025056,0.0038819070319360276,0.003532872858880338,0.0038323862682616053,0.0037289283842874728,0.0033686287575487596,0.003338475624571602,0.00362786023425882,0.004250740509659092,0.0021469254099189448,0.003730432675256624,0.0038357328851296715,0.0035936228001445347,0.002718448048851587
Beta,-0.00011901688835481209,0.00017574675109799937,-4.985774716605064e-05,0.0004869097511321792,2.1127319743855588e-05,-9.127822152056849e-05,0.00021253664040967257,0.0005048294043036537,-0.00011877264829105713,0.00016935717962112315,-0.00043407774389885706,0.00012732951507833342,-0.0001800450658989175,2.3077713303752466e-05,-9.950720303823523e-05,-2.002234047864563e-05,4.932678193841104e-05,-0.0001778654908923403,0.0001721607154280956,0.0011116472164027168,0.005274355017343581,4.75198803719063e-05,-6.296009821296302e-05,0.007808824913540273,0.009675621294222225,0.009860937489897595,0.00986249268743474,0.010512134378167157,0.01081511323337903,0.008098179059114072,0.01057896255414842,0.01292831984066285,0.011643332616535588,0.007579563757590712,0.009978818112907744,0.007907878163652996,0.007662003511096851,0.008810255534032318,0.00793492862638515,0.00647435990355756,0.011429646381812575,0.013000982817075044,0.009594341600950877,0.010957162066453297,0.010462662475358127,0.011771917019963512,0.010126173003207601,0.008814932991909705,0.011014795280368481,0.012531195836736807,0.006734768778585938,0.011685934369539125,0.01128686347849583,0.011243929730259887,0.006967148168957733
Liquidity,7.729188822740753e-06,-4.608002997199149e-06,-1.6560606002178055e-05,-2.754453814532463e-05,-1.2132756240746896e-05,-1.253343285887581e-05,9.3376664794963e-05,-3.4444229182274345e-05,7.325281587929607e-06,8.238239522340755e-06,-1.6457012746329855e-05,-2.7952840037362885e-05,3.241626990161359e-05,-1.733761891468038e-05,-2.8576708978761318e-05,-7.033969938554635e-06,-1.2385233531592426e-06,-1.9312999486381677e-05,1.817355324720555e-05,-9.787489070499474e-06,4.75198803719063e-05,0.0002883333503778144,-0.00010811430936763079,-7.097442955787361e-05,-0.00045719721005153303,0.00024738833099175524,-1.4358549325447875e-06,-6.251841590986357e-05,-0.0003269218258484161,0.00015880902691508444,-0.0003547041009855602,-9.755563532880675e-05,-0.0002127499595065952,-1.008820884065416e-05,-4.439079903363834e-05,0.00018010587324987908,-0.0001157024914080985,-0.00033657961449795083,-8.430438586485725e-05,-0.00024254610148065488,-0.00018587821151643409,0.00010808466518194562,-0.0006098499232847415,-7.745070895696223e-05,0.00010365850201704817,-0.00027202235269603803,-0.00013421838710384596,-0.0001182364381957145,4.962698636353199e-05,0.00015788722901978125,6.798417508652514e-05,0.00011570362005244919,0.00015807854250238405,1.9622582182292476e-05,-3.3945987522529713e-05
Size,-1.7104141106770346e-05,-4.144977036168855e-05,-4.1969524968357045e-05,8.791190155578504e-05,4.9671784125559296e-05,6.253912785610892e-06,-0.00019180698996336724,2.085123040366602e-05,-4.374428775889499e-05,-7.024361104828989e-06,-2.4565707352551454e-05,-1.5390505338436725e-05,-9.385777093674771e-05,2.0787659217576796e-05,5.83991437976485e-05,-2.5750294996838158e-05,2.5078447498227164e-05,3.089821389509042e-05,-1.2004436845277288e-05,-6.978208398400198e-05,-6.296009821296302e-05,-0.00010811430936763079,0.000388918746208778,0.0005264843246725833,0.0009656938396604844,-0.00010892439268853039,0.00045453588795733895,0.0003931000278646843,0.0008185986708176842,0.0003545722856101753,0.0009420096295665989,0.0009746930120182007,0.0005563837126994071,0.00038821855716834663,0.0001245410695843945,8.785933567816198e-05,0.0006248707103720105,0.0009309567143013814,0.0004580333400715786,0.00039329407437062276,0.00026425829750758195,0.00042768660614718126,0.0009875694374081184,0.0004375974229822341,0.0001211116089751692,0.000828640426480869,0.00037254173347722914,0.0009159753309050814,0.0004374926522226022,3.997382992457908e-05,0.0002535757533054823,3.792340250768343e-05,7.273835950485334e-05,-8.239788874524038e-05,0.0006651195018791989
Household & Personal Products,-0.00046919803748373556,0.0001918701188200525,0.0004455472551969884,0.001435147149574785,4.973409189159237e-05,-6.01792744390253e-05,-0.0016227078078947447,0.0015726472201947996,-0.0007662280974498531,0.0003226535907121857,-0.00104387204834007,0.00013980812389335646,-0.0012091199219296288,0.00044868893538438473,0.0010001810367805191,4.886860337324317e-05,0.0003225717830947329,-0.00036643890887482747,4.206702130126018e-05,0.0027627557400099105,0.007808824913540273,-7.097442955787361e-05,0.0005264843246725833,0.0386753779313566,0.03601637440670223,0.030177054093283393,0.03315557206804221,0.034649708274721976,0.04119973873509627,0.030771059160425728,0.037670312769231086,0.03681064940327489,0.04042455841092089,0.029197414275390268,0.030144812336991195,0.028412670266578954,0.02964658137659894,0.03447060648661302,0.03304388279781163,0.022841383724229437,0.033312021627976196,0.0388313117680023,0.038542728048805854,0.03349746175752674,0.03197724592804799,0.037545850238694826,0.033513472162670116,0.033370292011913306,0.036142511694513844,0.03584601241502099,0.024832901848497808,0.03305093484040874,0.032173645900963,0.02967796524323632,0.027427051025671747
"Agricultural, Timber, Packaging & Building Materials",-0.00036204483324338277,0.0003291693696711525,4.327470810334853e-05,0.0019474095586691333,0.00019777151267418358,-6.281893880349578e-05,-0.001791354298681367,0.001697779635058919,-0.0007863714719734777,0.0003356317718182416,-0.00123500970294553,9.869630223480339e-05,-0.0014154286958704347,0.0004870911825997871,0.000697784098995389,-1.2869657439177071e-05,0.00042862590056180836,-0.0002780021349076925,0.00021306822582533373,0.003779188871688076,0.009675621294222225,-0.00045719721005153303,0.0009656938396604844,0.03601637440670223,0.04730095872494949,0.034081672947467265,0.038816373763062836,0.039907474034059885,0.04963477407445509,0.03540842365120158,0.0441200646774701,0.04455653375281648,0.050266616698213015,0.031246137060415832,0.03554067125043023,0.03094661342803161,0.03402997130323637,0.04086632113482844,0.03664768627679561,0.027589203803780188,0.04338537151475135,0.046786244049080467,0.0451690939731129,0.04147337395750075,0.03719178120215901,0.04511076744574157,0.03849751075690067,0.04027028981217509,0.04203140051228827,0.04261450667364139,0.02935868011341332,0.038830962402798715,0.03795870442485564,0.034904216421605745,0.03175469569303996
Media,-0.00020060468424734987,0.00042590871987575375,0.0003268894169197291,0.0011836340585050914,-0.00012504410889692435,-9.227991531981993e-05,-7.543789553859389e-05,0.001420941982683407,-0.0003633756284206766,0.0002822299005719363,-0.0010208144131109717,0.0004215197701362015,-0.0008228744988952496,0.0004044510395477639,0.0001974337572885461,0.0001668268608607881,0.0003335935828437766,-0.00025487335902800825,0.00022685663134578313,0.003407274362498956,0.009860937489897595,0.00024738833099175524,-0.00010892439268853039,0.030177054093283393,0.034081672947467265,0.03949919522131026,0.035784398404133014,0.035181620024164174,0.03964935256027626,0.03374645123428309,0.03619826765877321,0.042022050764266475,0.041046280379354406,0.027070498013882595,0.035163527771088304,0.028414184404640882,0.028958468222301966,0.032782281082999486,0.0316567956766033,0.024279675355152637,0.03716659884622315,0.04435416237254134,0.03618733410025394,0.03611510589591385,0.036652426854147234,0.03960275113886218,0.035556364266126184,0.033263959864054886,0.03979686301843005,0.03940633919463224,0.030412566461092815,0.036656360292837004,0.03606406600582209,0.034339284064579895,0.0273345580397588
Commercial & Professional Services,-0.00035245571251016507,0.00027166466191044905,0.00021120728525333868,0.0012838093430113094,1.1566769335475277e-05,-0.00012445543650694193,-0.00042048376158736135,0.0015048340619122076,-0.0005447697362487969,0.0003290508368750699,-0.001043237464851428,0.00029420821498251704,-0.0009335433899452338,0.00045957711546202733,0.0002668586683480212,4.4957087842873976e-05,0.00036433939422721986,-0.00021913767024813694,1.981458753156517e-05,0.003220830133713773,0.00986249268743474,-1.4358549325447875e-06,0.00045453588795733895,0.03315557206804221,0.038816373763062836,0.035784398404133014,0.04057561135981083,0.03784863865366369,0.04353962095132463,0.036962879900680035,0.039270098069038625,0.04482706734164273,0.04467053778662198,0.029689701242489503,0.03703454252988055,0.030845628485890255,0.031705467487610675,0.03636235188884218,0.03495440982906749,0.027280004915176223,0.03962605033173664,0.04618863979400335,0.04001894510553836,0.03924551799913018,0.03738109471506912,0.04283178851541943,0.03846339577721212,0.03610757131130211,0.04175252126274376,0.040605788448428576,0.03129022045712829,0.03811913944572566,0.03713640942415783,0.03505239765769031,0.03004008785823227
Healthcare Equipment & Services,-0.0004406219422172985,0.00022781499924452999,0.00015864427653897363,0.001500864154399251,-4.7762529537598376e-05,-9.836081282967477e-05,-0.0015904017865458072,0.0019944785994299844,-0.0007445326558383838,0.00037965157068385917,-0.001314025532730215,0.0002792055295817706,-0.0011782891479552942,0.0004184498092203751,0.0004852906344527521,1.359835190639328e-06,0.00033686724186762513,-0.0004188649407583839,0.00024300205686829192,0.003551857445416459,0.010512134378167157,-6.251841590986357e-05,0.0003931000278646843,0.034649708274721976,0.039907474034059885,0.035181620024164174,0.03784863865366369,0.04683699421452375,0.04560306373411993,0.033219423947172956,0.04068971066632882,0.042774305633600004,0.044982377435561535,0.030466742191451898,0.03630135754824895,0.03000304463347309,0.037465609280768405,0.036904314810082474,0.035974534796691125,0.028787543403774082,0.039863367671614795,0.04510556499635826,0.04524702529917283,0.03861737754310642,0.03794119752946722,0.042562625468089865,0.03723567514641429,0.03525321484454421,0.04105357268026696,0.040827605076323666,0.028590228485592357,0.04124584142404518,0.03659264308525772,0.03576382709950366,0.029561793250708446
Chemicals,-0.00037366169833277237,0.0002814480406047761,0.0003866550632637971,0.0022192181070330177,-0.0001364146110571868,0.0003422689528694164,-0.0022072938182104065,0.0022576133849332917,-0.0007666409302098446,0.0003381565115211351,-0.0014236264654642864,0.00023779561761853925,-0.0018544017182828402,0.0005688736651268759,0.0010686119822612466,0.0001125240516454618,0.0005716226532602593,-0.0003344584236002499,0.0003087568522760455,0.004213379789367957,0.01081511323337903,-0.0003269218258484161,0.0008185986708176842,0.04119973873509627,0.04963477407445509,0.03964935256027626,0.04353962095132463,0.04560306373411993,0.059856395145693624,0.03935234945313202,0.04927815464280834,0.05052574543867763,0.05744323578082159,0.03453430965366774,0.04041414440133442,0.034501987031892986,0.03991797237075597,0.04434546140520532,0.04183519191602539,0.029226957588040194,0.05075973404290822,0.05232595976988685,0.050592029984373704,0.04557909079982444,0.04387902572806035,0.0513015706095693,0.043285963826416834,0.04509502596500603,0.04776402686375074,0.0493692483077065,0.03301666591202603,0.046845928097235943,0.04282318898873724,0.04005193886632488,0.03517060545315943
Insurance,-0.00010440002284130794,0.00012240756794394352,-0.00013216463365181756,0.0011525156616664482,-0.00034385160606623544,0.00010970867762223044,0.0005147660462463515,0.00122518321779498,-0.0007012715967962084,0.00013885435317789716,-0.0010253161061508165,0.0001469305038723495,-0.0005844515322605831,0.0004895064493633587,0.00011708714682105496,0.00022676908908436828,0.00030284795301875226,0.00013985710072956237,-1.4001371394212154e-05,0.002551696031792732,0.008098179059114072,0.00015880902691508444,0.0003545722856101753,0.030771059160425728,0.03540842365120158,0.03374645123428309,0.036962879900680035,0.033219423947172956,0.03935234945313202,0.04436272053728779,0.03417233422558334,0.045169502932051055,0.04318934133828521,0.027902644599732216,0.034853840645842404,0.03303487456918749,0.029135468254475518,0.03217605615874678,0.034516645302344405,0.027886396604185838,0.038094623125338616,0.045962683500316126,0.037451033363693854,0.03767871134848248,0.032980787416807926,0.0390212865251141,0.03588495862540445,0.033413171073240565,0.040981203503804756,0.040463925131631925,0.032281799038676506,0.032194100482849694,0.0382050755542551,0.0319608834589721,0.02780468204717567
Consumer Durables & Apparel,-0.00044762339412014317,0.0005076529261715578,0.00024443664338977456,0.0018968439987633945,0.00027551632019067504,-0.0001290618752933816,-0.0017795675037190564,0.0021657926462333678,-0.0007674046925317268,0.0004194121488345854,-0.0013195477070096866,0.00024897169780293074,-0.0015314367034132575,0.000543276371411654,0.0006897053670515955,-7.211995975884768e-05,0.0004732237229691369,-0.00040405022523553154,0.00021581372182917063,0.003636710059295985,0.01057896255414842,-0.0003547041009855602,0.0009420096295665989,0.037670312769231086,0.0441200646774701,0.03619826765877321,0.039270098069038625,0.04068971066632882,0.04927815464280834,0.03417233422558334,0.04972337550237622,0.04538947315188512,0.0454654520496231,0.03171265113618376,0.03587887500540541,0.03075173970797675,0.03454160405478931,0.04360220436391732,0.03723021777256809,0.026595011068317066,0.041882287284143546,0.04671081611461197,0.0455332705952698,0.03992587227490134,0.03996506193894433,0.04695592830737705,0.04006433809675465,0.04077413781138705,0.04269871083952613,0.04038690712471257,0.028271335128794345,0.04067315794393715,0.03678479849007376,0.03575400116269394,0.03279141902658805
