,BookYield,SalesYield,CashYield,EarningsYield,FCFYield,OCFYield,MediumMomentum,Reversal,RND,ROE,ROA,LongTermGrowth,ShortTermGrowth,ShareBuyBack,DividendYield,LongTermInvestment,EarningsQuality,FinancialLeverage,CurrentRatio,ResidualRisk,Beta,Liquidity,Size,"Food, Beverage & Tobacco",Health Insurance & Managed Care,Commercial & Professional Services,Healthcare Equipment & Services,Consumer Durables & Apparel,Consumer Services,Banks,Media,Internet Retail & Consumer Electronics,Semiconductors & Semiconductor Equipment,Food & Staple Retailing,"Oil, Gas & Consumable Fuels",Retailing,Transportation,"Agricultural, Timber, Packaging & Building Materials",Utilities,Diversified Financials,"Pharmaceuticals, Biotechnology & Life Sciences",Oil & Gas E&P,Insurance,REIT,Technology Hardware & Equipment,Chemicals,Real Estate Services,Capital Goods,Metals & Mining,Telecom Services,Automobiles & Auto Components,Household & Personal Products,Software & Services,Capital Markets,Energy Equipment & Services
BookYield,0.0001269062281589055,-3.950788484293247e-06,-2.1321504991911326e-05,1.1752584181303968e-05,-9.302309647840888e-06,-8.084486885459332e-06,1.3749585886756587e-05,-4.4691479168949605e-05,1.7523611274226388e-05,-2.1517073274833525e-05,4.2265218825486454e-05,-3.6378567291202765e-05,9.064795687025077e-06,3.038860836479861e-06,-1.5344428398963423e-05,2.438529815924511e-06,-3.282634257363299e-06,4.4055264876213686e-05,7.2259122439848556e-06,-1.2991486044711933e-05,-0.00011921501456162545,6.352114429431035e-06,-1.7623703531831856e-05,-0.00022198217785812373,-0.0001403772219095606,-0.00034741552703144074,-0.00044761283284229286,-0.00043256284000712706,-0.00037158217238779595,4.92474563522992e-05,-0.000202323534161858,-0.000353467282923018,-0.00036879738627331176,-0.0003499919240457847,-0.0002763418258593248,-0.0004883439174888912,-0.00042982050552971523,-0.00035973216947786526,-0.000225430372804601,-0.00017607738539055745,-0.00027613621374591405,-0.00034474430488790774,-9.251214440527491e-05,-0.0004078304038072193,-0.000396819879048171,-0.00036726583023841586,-0.00042958618840376793,-0.00032559579168186885,-0.0001279525400837922,-9.419657245272908e-05,-0.00011042798495887776,-0.0004633348344619187,-0.0003834229299446005,-0.0001639638921429613,-0.00017489954460674724
SalesYield,-3.950788484293247e-06,0.0001642365136707283,-2.7080649444918767e-05,1.4044896534771431e-05,2.6725017253714532e-05,-6.87874104783559e-05,1.086579696208409e-05,1.7232749600264422e-05,4.483625957710141e-05,2.6901122774432092e-05,1.0376853191085703e-05,1.1856205099901141e-05,-2.6683664994011983e-06,1.1004482702158952e-06,-1.1925616265938972e-05,-1.777657227796873e-05,-7.3056961435592724e-06,-3.7357599935627234e-05,5.084464618608551e-06,3.444396942255933e-05,0.00016990347759725501,-8.44044764430428e-06,-4.361953451888106e-05,0.00015850623571828272,-3.728035499715817e-05,0.00026901166023044116,0.00018861921303728782,0.0005253391119509254,0.00026816168240420356,0.0002969416393750537,0.0004019327204498398,0.00037141094322003416,0.0005137094721568634,7.497861719434743e-06,0.00039197488553003847,0.00035317493492417523,0.0004778693034747235,0.00032407639625131124,3.918747412084217e-06,0.0002470330543769,0.00013719609372159919,0.000543743527006364,0.0001519228282681139,-7.674068508147102e-06,0.0005010292611320053,0.00029277883421200557,-0.00028913457510785617,0.00029074617996698515,0.0005417067158064486,7.139450998645544e-05,0.0002604678120037023,0.00018822051452458693,0.0003911639389269241,0.00040067801892298917,0.0004856886380507844
CashYield,-2.1321504991911326e-05,-2.7080649444918767e-05,0.00038600892599788294,-3.1024039185423894e-05,7.927904168023e-06,-2.6838469805556145e-05,-1.408286986079299e-05,7.980918460480252e-06,5.28952656528971e-06,5.365033789342279e-06,2.597342500419723e-05,4.044578709712043e-05,-3.3382439365498614e-05,3.43471625958017e-05,5.59798225675665e-05,2.059530215584184e-05,3.138109841819309e-05,-1.3536694804089555e-05,-6.65232482812088e-05,2.073708980827623e-05,-3.404113976168092e-05,-6.857714765968683e-06,-3.5704566687195774e-05,2.561508524887399e-05,-2.401506738519381e-05,0.00021473174520666833,0.0002387225780747943,0.00017639226788578746,0.00022255521196328152,-0.0003035184028613111,0.00037438998960714936,0.00029552275201448383,0.00036364681648621525,2.835427112021526e-05,0.00020709020424953636,0.0001560512928610138,5.291317281617521e-06,2.8263278534244338e-05,0.00014964740889833168,9.868257224018761e-05,0.00017736951635888577,0.0002513995229424963,-0.0002100043751981381,0.00015873928433107144,0.0004201389460276436,0.0003166655463575177,-6.898434148225061e-05,-6.65713770194538e-06,2.5774551839823736e-05,0.0003843937463451351,-9.487811815750496e-05,0.00045910065256212016,0.00013251479906811365,-0.00013423640124812862,0.0003402183113840741
EarningsYield,1.1752584181303968e-05,1.4044896534771431e-05,-3.1024039185423894e-05,0.00031778641908074257,2.8466115319062166e-05,3.7353334760686824e-06,-0.0002043155678653465,0.00010271768581992829,-6.126657161050945e-05,-8.377792166027353e-06,-0.0001248531120934069,-5.2939802896581735e-05,-0.00011345575043760445,2.796989124503043e-05,0.0001099280782674255,-1.0302364498006758e-05,1.9490831000330927e-05,3.5553596963194316e-06,5.178850049757583e-05,0.00019014221765471307,0.00047500196077629556,-2.878499553011492e-05,8.618431750187635e-05,0.001078340199474878,0.0007358757503577986,0.0012603080416534753,0.0014763765108020666,0.0018869920868931074,0.0013906301043750816,0.002307939856237205,0.001153038344258006,0.0013066381307963075,0.0013309267332631235,0.0010361293885465073,0.0017862694063976825,0.0016086410134927473,0.002010698902138859,0.0019459057130638499,0.0009530032545688971,0.0017140701900907587,0.001442126613198566,0.0024462010461118212,0.0011541595494022564,0.0011759408116405392,0.000948058584938359,0.002235997788586391,0.0019432967992857961,0.0016173635197875142,0.002055262575175154,0.0005352586411709095,0.0018168854113169426,0.0014007931025655552,0.0008758731663047685,0.00200475761235303,0.0029115213463342853
FCFYield,-9.302309647840888e-06,2.6725017253714532e-05,7.927904168023e-06,2.8466115319062166e-05,0.0003512317452821657,-0.0003606784764309638,-2.1942402914197443e-05,-6.750414809126371e-05,1.406672723254849e-05,1.8558752481799738e-05,-1.0023555498196511e-05,9.259694215267864e-06,-2.914263667844945e-06,2.566996168532311e-06,-1.0339671961482605e-05,-0.00012397216496497768,3.7016969963821654e-06,-1.504913613600138e-05,-2.7290999779684142e-05,4.079739934286275e-05,2.409773866043519e-05,-8.296851894948504e-06,5.179621431578077e-05,8.525319184113697e-06,-3.8679316009097084e-05,7.272209330124452e-06,-1.2885169859343397e-05,0.00024264901323630525,8.199296726874379e-05,-9.379671609361806e-05,-0.0001119571420100712,5.831274514678049e-05,8.092959964263005e-05,0.00014463754615427407,-0.0005791971652397596,0.0003439884805750132,-3.542119339020871e-05,0.00020041248556364853,-0.0005009658364517586,-0.00016301650426188947,1.749961355446644e-05,-0.0008186267884558057,-0.0003717174407082979,-0.00032880989119345107,2.158058023636649e-05,-0.00014258524106089635,-0.00041328270454132085,-1.995172352929225e-05,-0.00038961920811200626,-0.0002468331897874879,4.241669838177752e-05,4.5767694955432174e-05,8.415843164333695e-06,-0.00012759246510091234,-0.0006226438491082085
OCFYield,-8.084486885459332e-06,-6.87874104783559e-05,-2.6838469805556145e-05,3.7353334760686824e-06,-0.0003606784764309638,0.0007215902185729521,-8.203197802370208e-05,8.756094146210249e-05,1.3626098222123013e-06,-1.8070849125198484e-05,-5.741639452699745e-05,-1.722509400108789e-05,-4.6409229228331875e-05,1.1705766700975925e-05,9.065405732008401e-05,0.00013615411050196973,1.3093230568107587e-05,1.5970489881759915e-05,4.531951430645439e-05,-3.921031443937515e-06,-9.867112815177061e-05,-1.9369268405037047e-05,1.2063656391932463e-06,-6.020125971305767e-05,4.711973835462822e-05,-0.00012012372667547087,-0.00015887671584296855,-7.167591969499351e-05,-0.00013507007943933566,-0.00011432996146127978,-0.0001194018588072741,-0.00010393058694938335,-0.0004832284698385523,9.864232133174964e-06,0.0010970290657233927,-0.00015986335890899042,0.00021086436986159055,-6.061049367375969e-05,0.0003984870856321658,-1.9523628850809847e-05,-0.00029024682124037553,0.001957430558768425,0.00016872228647375078,0.00029451772330121607,-0.00048231754798397716,0.00037147874267845965,0.0008750644205827555,-1.3650763332507234e-05,0.0005117366177344725,-8.601916351692654e-05,0.00019692071195010833,-6.206607293097975e-05,-0.0002133133061234875,-4.610431396790367e-05,0.001980295383792127
MediumMomentum,1.3749585886756587e-05,1.086579696208409e-05,-1.408286986079299e-05,-0.0002043155678653465,-2.1942402914197443e-05,-8.203197802370208e-05,0.0009331315192772648,-0.00017255130312840062,8.512212251023017e-05,-1.0274908892125242e-05,6.280868209319223e-05,3.5728357650013976e-05,0.00024996003254570064,-3.775673205513676e-05,-0.0002747156702619597,3.404363894534202e-05,-2.083837873212423e-05,4.575435605179491e-05,-1.4477968071998775e-05,-5.8602757333671767e-05,0.00021627233900122834,9.07447265518928e-05,-0.00019165460401935342,-0.0009858377489214971,-0.00023096565287959183,-0.0004043797068050332,-0.0015975500730441331,-0.0017549004221648907,-0.0005162803085914045,-0.0006326487590696242,-7.248668550727296e-05,-0.0007230711377767784,-0.0006528474768875538,-0.0006205184412561399,0.000254904577232824,-0.0015932206967566409,-0.0014661834697433775,-0.001796684810547999,0.0003612841606447534,-0.00046353732521663474,-0.0013535974765938297,-0.0006658069149524784,0.0005195521483783879,-0.00095948270330104,0.0005346807775603848,-0.0022183758608424384,-0.0022613007844203632,-0.0002613107656891866,-0.0008969764927933512,0.00023421259712775498,-0.0017080752593856931,-0.0015841743802449723,-3.857698030669739e-05,-0.00013277558943057004,-0.002340612187012836
Reversal,-4.4691479168949605e-05,1.7232749600264422e-05,7.980918460480252e-06,0.00010271768581992829,-6.750414809126371e-05,8.756094146210249e-05,-0.00017255130312840062,0.0005185435564539667,-5.124595174568488e-05,9.735571227418881e-06,-8.125993337439436e-05,3.471004240530979e-05,-9.577150032114182e-05,4.0671168926723505e-05,6.668489145082719e-05,3.559336050649269e-05,2.1178599227224186e-05,-3.654172276130967e-05,1.851102604301532e-05,0.00018511776262374798,0.0004975617797768661,-3.476684201676159e-05,2.0401134530323083e-05,0.0013052796327900653,0.0012194540576083823,0.0014906349233687456,0.0019681878696699556,0.002152598594964092,0.0015617766326862133,0.0018471173620961947,0.0014065602762405667,0.0019044869457708598,0.0015707625655840645,0.0012496465016912605,0.001297106584813466,0.0016841835974617033,0.0019035225353000247,0.0016782879288786514,0.001112069933017647,0.0016213929964761387,0.0015276779854774029,0.0017470843442157135,0.0012189276604189496,0.0015748371520372497,0.0013254749210778066,0.002233659305992706,0.0024756683958980278,0.0013962372833358492,0.001925867887043175,0.0011018628141932774,0.0016627857905692192,0.001557639226518435,0.0015261583598707316,0.0016830910344769578,0.0014518540180230946
RND,1.7523611274226388e-05,4.483625957710141e-05,5.28952656528971e-06,-6.126657161050945e-05,1.406672723254849e-05,1.3626098222123013e-06,8.512212251023017e-05,-5.124595174568488e-05,0.00017834801421317187,9.883768325155588e-07,7.054899040111904e-05,2.185096194249292e-05,4.620727553578661e-05,-2.80804073213663e-05,-4.748936496394229e-05,-3.8043298547605744e-06,2.2192717650382452e-07,3.6300774341363103e-06,-6.4224304095035435e-06,8.35481692079911e-06,-0.00011806059509957051,2.3104024247947908e-06,-4.6987570858275394e-05,-0.0006439758749017014,-0.00028875535388029174,-0.000529114765834459,-0.0007880836778931043,-0.0007273427624291095,-0.000495706789126853,-0.0009569898325553269,-0.0003731912016296954,-0.000216876402298485,-0.00018863712379336718,-0.00048674034253028814,-0.0007223413210310506,-0.0006250740313716356,-0.0008517407251670622,-0.0007973744356926148,-0.0007977365475662991,-0.0007510036362382176,-0.000605045609065445,-0.000882527566014931,-0.0006548893379420299,-0.0008884066683812279,-0.000184684668160804,-0.0007705289783444322,-0.0013028493013548877,-0.0006620334066473395,-0.00048729779442268647,-0.0004215179423496691,-0.0006851174076298157,-0.0007433206401822955,-0.00012946157885956845,-0.0007848520275577662,-0.0011042467101127279
ROE,-2.1517073274833525e-05,2.6901122774432092e-05,5.365033789342279e-06,-8.377792166027353e-06,1.8558752481799738e-05,-1.8070849125198484e-05,-1.0274908892125242e-05,9.735571227418881e-06,9.883768325155588e-07,0.00010834064142248298,-5.5965731491768095e-05,6.6094935871160085e-06,-2.8606045878993703e-06,-1.0747158408437904e-05,8.267123339719123e-06,-1.1636312426686496e-05,2.6241402568651488e-06,-8.008559928059425e-05,1.8151306837451626e-06,3.761512271257495e-05,0.00016978654892456715,9.257956631745398e-06,-6.172987785200429e-06,0.00023557164027265815,0.00019436754060942564,0.0003260546963210486,0.0003839925607056815,0.00040401380906492475,0.00038326673286929503,0.00021290655740887392,0.0002842367872100907,0.00033735194942693334,0.0003866557033109375,0.00024536717384893007,0.0002383394663478258,0.0004444163546137872,0.0004358839019471801,0.00032874046581259856,0.00014434220868778062,0.000295756972427848,0.00023818600826906142,0.0002912754323094073,0.00012705913525299045,0.00015344823387709376,0.0003326105794289548,0.00032404745989327504,5.175675367500116e-06,0.0003417664955848531,0.00041709801326009725,0.0001456953319631831,0.0003072118254593326,0.0003218252617781643,0.0003616776284048609,0.0003166306081924253,0.0004261874242969162
ROA,4.2265218825486454e-05,1.0376853191085703e-05,2.597342500419723e-05,-0.0001248531120934069,-1.0023555498196511e-05,-5.741639452699745e-05,6.280868209319223e-05,-8.125993337439436e-05,7.054899040111904e-05,-5.5965731491768095e-05,0.00023151579238265326,-2.881146610607522e-07,5.514804102079692e-05,-2.370753802112506e-05,-5.524368917469742e-05,1.0208891642184126e-05,-4.101588633123744e-06,5.8030939822492065e-05,-2.363233905053457e-05,-0.00013130972907119377,-0.00042608132402387915,-2.0652754141365375e-05,-2.805181726085615e-05,-0.0008795099132273624,-0.0005939199453751934,-0.0010163987687594465,-0.0013491560383065134,-0.0012755294050968205,-0.0010965223047874689,-0.0017420061734141597,-0.0010143602147643389,-0.0009971062717242453,-0.0007904307092853856,-0.0007955698000595064,-0.0014785687989924644,-0.001054212685943003,-0.001461967361375415,-0.0012505345300077297,-0.0010164349846054173,-0.0013463710361318133,-0.0010797740725150633,-0.0019023877741578892,-0.000979666486717769,-0.0011431103328840436,-0.0007924916237989956,-0.0014389343775591597,-0.001457649046388605,-0.0012716059474011407,-0.001528136829430948,-0.00044098971450181815,-0.001140486613928971,-0.0010082371067536215,-0.0008514930768620287,-0.0016338654540578746,-0.0019821423993261447
LongTermGrowth,-3.6378567291202765e-05,1.1856205099901141e-05,4.044578709712043e-05,-5.2939802896581735e-05,9.259694215267864e-06,-1.722509400108789e-05,3.5728357650013976e-05,3.471004240530979e-05,2.185096194249292e-05,6.6094935871160085e-06,-2.881146610607522e-07,0.0001408551944025172,-2.6645119159313608e-05,3.85297935017143e-06,-1.2675271584887022e-05,5.207366309782903e-06,1.0729437289180248e-06,-1.4183175281094163e-05,-2.340968875292037e-05,1.3685158728964477e-05,0.0001339146827003357,-2.561019533337348e-05,-1.4592967505194867e-05,9.15677844889558e-05,0.00012034078397036991,0.0003009789970327619,0.00028804358188566447,0.00023223522511694406,0.0003185130694866411,0.0001331500744579494,0.00043627067306251804,0.0005448899694975882,0.000300317192891183,9.497660675622466e-05,0.0001798031047047389,0.00014256037972466782,0.00027320961126780694,7.747389891112645e-05,2.454331719359728e-05,0.00021778069455844382,9.669020730633617e-05,0.00016290303737259088,0.00012721173648933893,0.00017198854830212482,0.00040624809020971194,0.0001922810097098709,0.0001450740627670317,0.0001814193557538135,-8.616632311043808e-05,0.0003349406411156568,-1.923941163770347e-05,0.00015835082813267165,0.0005572522665076737,0.00022940864446491062,-1.1078448258505857e-05
ShortTermGrowth,9.064795687025077e-06,-2.6683664994011983e-06,-3.3382439365498614e-05,-0.00011345575043760445,-2.914263667844945e-06,-4.6409229228331875e-05,0.00024996003254570064,-9.577150032114182e-05,4.620727553578661e-05,-2.8606045878993703e-06,5.514804102079692e-05,-2.6645119159313608e-05,0.0002317261760099343,-2.681993168516782e-05,-0.00010054122358950074,1.583103065811655e-05,-3.751701522168571e-05,1.9295882431638557e-05,-5.7248992184040385e-06,-8.19437948118717e-05,-0.00017992937963184783,2.9725182006932574e-05,-9.420556550549608e-05,-0.0008452847555361857,-0.00040604621164214643,-0.0009233798974812211,-0.0011892195307167226,-0.0015045934451788192,-0.0009461405916242747,-0.0013082373717554535,-0.000826184745415078,-0.0009706213624560097,-0.0011345201210033948,-0.0007994936218848596,-0.0008300778550661077,-0.0011810102735647524,-0.0015068144174816879,-0.0014037082235533692,-0.0005099612669478946,-0.0011071492407929955,-0.0010818078304375167,-0.0013104728410985357,-0.0005611182843775986,-0.0010051010617541504,-0.0005821031022419219,-0.0018306374951959988,-0.001537608598234644,-0.0009126247271339501,-0.0011706772019879044,-0.0005715954976293818,-0.0013335849604602277,-0.001196036425917767,-0.0006254951167348272,-0.0011557419246660352,-0.00184699430479263
ShareBuyBack,3.038860836479861e-06,1.1004482702158952e-06,3.43471625958017e-05,2.796989124503043e-05,2.566996168532311e-06,1.1705766700975925e-05,-3.775673205513676e-05,4.0671168926723505e-05,-2.80804073213663e-05,-1.0747158408437904e-05,-2.370753802112506e-05,3.85297935017143e-06,-2.681993168516782e-05,0.0001021799289300074,2.79381860653403e-05,6.214949930723576e-06,6.316186825243872e-06,1.4516404732225583e-05,-4.118493299777843e-06,4.082083573043612e-06,2.426323372023218e-05,-1.4333329741359761e-05,2.2194410608090848e-05,0.0002732410007316642,0.0002740523493216382,0.00045192872934838723,0.00044302445405714706,0.0005232417839793608,0.00047636849548006845,0.0006523568717271979,0.00041100739486232477,0.00040347824808539975,0.00029187574072914223,0.0003028255717771208,0.0005762588354793466,0.0004889509699834028,0.0005818863957325149,0.0004904093988794739,0.00021913351413455957,0.0005172647251916854,0.0003413261506430327,0.0007744633414370688,0.00046326254469391517,0.00040189981569726683,0.0002808421805730419,0.0005658874350198683,0.0006191291042713585,0.000401038243766157,0.00038592498613173405,0.0003959920381777869,0.00048404627714150475,0.000439734423856361,0.0003284863145287294,0.0005464500606038278,0.0008310602815493973
DividendYield,-1.5344428398963423e-05,-1.1925616265938972e-05,5.59798225675665e-05,0.0001099280782674255,-1.0339671961482605e-05,9.065405732008401e-05,-0.0002747156702619597,6.668489145082719e-05,-4.748936496394229e-05,8.267123339719123e-06,-5.524368917469742e-05,-1.2675271584887022e-05,-0.00010054122358950074,2.79381860653403e-05,0.00025690620873615813,-1.7871479493984364e-06,2.390400311273028e-05,-1.9140246067480028e-05,1.3945375001725928e-05,5.6234205297367496e-05,-0.00010417803739756306,-2.9991355690400522e-05,5.713050727817663e-05,0.0004467660284799659,-0.00010867050369145138,0.00025735708871287363,0.00046830480853297013,0.000693686076088516,0.00028979543524602593,0.000527742284293967,0.00018073860745829195,0.0003070307190452864,9.697484285252258e-05,0.00031664828125085344,0.0005563559439141648,0.0006245084760676629,0.0007493238826768532,0.0007026953890712642,0.00023669632903636591,0.0004497660225945489,0.0005130388386732692,0.0010385609416065104,0.00013054564980811704,0.0007375986920675665,-0.0002106926889913362,0.001085572521081111,0.0013233748963213047,0.00021034958946028652,0.0004619071350193612,-1.2712205470709965e-05,0.0006936151211378433,0.0009760513018598165,-1.8244502267123587e-05,0.0003334253271097859,0.0017436222310807253
LongTermInvestment,2.438529815924511e-06,-1.777657227796873e-05,2.059530215584184e-05,-1.0302364498006758e-05,-0.00012397216496497768,0.00013615411050196973,3.404363894534202e-05,3.559336050649269e-05,-3.8043298547605744e-06,-1.1636312426686496e-05,1.0208891642184126e-05,5.207366309782903e-06,1.583103065811655e-05,6.214949930723576e-06,-1.7871479493984364e-06,0.00012006551731125058,-2.0358740452389527e-06,1.2937282869842418e-05,1.2849136866373631e-06,2.2806326429615043e-07,-1.7532759714653753e-05,-8.863472002929134e-06,-2.7261824844151568e-05,6.990334761729362e-06,5.203112405060349e-05,5.3027733570943043e-05,-2.110091925213719e-05,-5.74825405963122e-05,2.168847147806092e-06,5.2839511634583326e-05,0.00016487134173217812,4.9162763837218046e-05,-5.2367000889787716e-05,-3.4239129311775394e-05,0.0002899415899077649,-7.326345414622569e-05,4.8277690081444725e-06,-2.8207130681360748e-05,0.00024569484796397955,0.00014577993708678384,5.7693721458223104e-05,0.0003137883612423459,0.0002392966131217353,0.00012644470000341962,0.00014456497630414844,9.307268431231986e-05,0.00023169973931798764,0.00012807275215010768,0.00012848159814687177,0.0001509125657092812,-0.00010090000636223638,6.191979166442473e-05,8.91479555201655e-05,0.00013275354644899648,0.0001603367785617259
EarningsQuality,-3.282634257363299e-06,-7.3056961435592724e-06,3.138109841819309e-05,1.9490831000330927e-05,3.7016969963821654e-06,1.3093230568107587e-05,-2.083837873212423e-05,2.1178599227224186e-05,2.2192717650382452e-07,2.6241402568651488e-06,-4.101588633123744e-06,1.0729437289180248e-06,-3.751701522168571e-05,6.316186825243872e-06,2.390400311273028e-05,-2.0358740452389527e-06,7.242006428828974e-05,-7.14834971937336e-06,1.5031535054494475e-05,5.0200872803674455e-05,5.145999830878807e-05,1.50831560444529e-07,2.5589696998094093e-05,0.0002458062066646445,0.0002531660895884601,0.0003603265103913469,0.0003443287056202945,0.0004556785172144163,0.000379055021601326,0.0003667735434036007,0.0003355061001173662,0.0003013827390650135,0.0004613386338411301,0.0003429281562339352,0.00032197450588122736,0.00042968418078372084,0.0003933796616207897,0.0004222103894720928,0.00026707269327247153,0.0003700778317337212,0.0003379441533045092,0.0003497609859318288,0.00028758930160906274,0.00041205763094850337,0.0003126422233201354,0.000556707546623176,0.0004229630855472956,0.00034946323125596354,0.00041535549373451135,0.00031686813362899013,0.0003737912218943339,0.0003206484373276894,0.000292586828677125,0.0003807701891069098,0.00040590577738279363
FinancialLeverage,4.4055264876213686e-05,-3.7357599935627234e-05,-1.3536694804089555e-05,3.5553596963194316e-06,-1.504913613600138e-05,1.5970489881759915e-05,4.575435605179491e-05,-3.654172276130967e-05,3.6300774341363103e-06,-8.008559928059425e-05,5.8030939822492065e-05,-1.4183175281094163e-05,1.9295882431638557e-05,1.4516404732225583e-05,-1.9140246067480028e-05,1.2937282869842418e-05,-7.14834971937336e-06,0.0001225349000481713,4.791994872066361e-06,-4.6452726168719315e-05,-0.0001769422274480601,-2.092039358778331e-05,2.9055529192513932e-05,-0.00021368002897463476,9.345519320801594e-05,-0.00021400375133009825,-0.0004315168359166453,-0.0003847332545823079,-0.00024108674330473588,-2.816032228769862e-05,-0.00025746990325142523,-0.00029483198574215425,-0.0003823356064952645,-0.00016340848200289133,-2.7419073500430165e-05,-0.00036230374232219,-0.0003324428267219945,-0.00027812309279714526,-8.424091049179476e-05,-0.00015167709246601154,-0.0002208140046681758,-0.00012924330730904935,0.00015408390252136383,-0.00020322426342133968,-0.0002639855288111575,-0.00032811501054637874,-0.00015221665559394718,-0.00019278363581535122,-0.0003740216966058684,5.324350897559251e-05,-0.0001520589232727681,-0.0003596053265128278,-0.0002676035726783276,-0.00018427561442512004,-0.00021222685972363442
CurrentRatio,7.2259122439848556e-06,5.084464618608551e-06,-6.65232482812088e-05,5.178850049757583e-05,-2.7290999779684142e-05,4.531951430645439e-05,-1.4477968071998775e-05,1.851102604301532e-05,-6.4224304095035435e-06,1.8151306837451626e-06,-2.363233905053457e-05,-2.340968875292037e-05,-5.7248992184040385e-06,-4.118493299777843e-06,1.3945375001725928e-05,1.2849136866373631e-06,1.5031535054494475e-05,4.791994872066361e-06,0.00016934281774762692,4.5227414927350615e-05,0.00016360918077675416,1.414144330363141e-05,-1.359827121225535e-05,0.0001511175734739689,0.0002312939389305798,1.4155476803489278e-05,0.0002060567333544468,0.00023177711543101543,0.00022147405964537326,0.00024124663271144566,0.00019983727762109478,0.0002659784012117252,0.00038060278146271747,0.00015685483083971926,0.00030121667085428026,0.00026264716786795713,0.0004245657744054639,0.00021611419423855937,4.2645779738632476e-05,0.0002493502671596953,0.00015525279556839874,0.00041561628794194134,1.5427900421121788e-05,5.460078098182969e-05,0.0002549720466954855,0.00033039026268569585,0.0002489571098417954,0.0002979750004640291,0.000321425146842154,3.996900066988851e-05,0.0003454800903184323,3.1056708085698334e-05,0.0001610142605720315,0.0002789032393040986,0.0003664279551725125
ResidualRisk,-1.2991486044711933e-05,3.444396942255933e-05,2.073708980827623e-05,0.00019014221765471307,4.079739934286275e-05,-3.921031443937515e-06,-5.8602757333671767e-05,0.00018511776262374798,8.35481692079911e-06,3.761512271257495e-05,-0.00013130972907119377,1.3685158728964477e-05,-8.19437948118717e-05,4.082083573043612e-06,5.6234205297367496e-05,2.2806326429615043e-07,5.0200872803674455e-05,-4.6452726168719315e-05,4.5227414927350615e-05,0.0009119977089586434,0.0010858100688929339,-1.1747826987328013e-05,-6.77528330742787e-05,0.0024091997227874756,0.0021097449964648904,0.003164721774141689,0.0035029320736733663,0.0036005771686224053,0.003289236628763751,0.0036154205559586193,0.0033403226338290645,0.003764901196470384,0.003670708062746723,0.002664688595803098,0.0037599926910050385,0.0031167878490405178,0.0037055008259445753,0.003766875551263248,0.0025901991038480335,0.003574771939692871,0.002878961426517236,0.004198149745591104,0.0025379003616940814,0.003062199663763049,0.0035180437895100114,0.004223474143898272,0.0038628304310948523,0.0034982268566095807,0.004147773607081295,0.0020835324405577664,0.0033049168926806787,0.0026972413067744647,0.0033022154508724976,0.004105298712876577,0.004270414809302597
Beta,-0.00011921501456162545,0.00016990347759725501,-3.404113976168092e-05,0.00047500196077629556,2.409773866043519e-05,-9.867112815177061e-05,0.00021627233900122834,0.0004975617797768661,-0.00011806059509957051,0.00016978654892456715,-0.00042608132402387915,0.0001339146827003357,-0.00017992937963184783,2.426323372023218e-05,-0.00010417803739756306,-1.7532759714653753e-05,5.145999830878807e-05,-0.0001769422274480601,0.00016360918077675416,0.0010858100688929339,0.005222893670681744,4.841428064776254e-05,-6.022117644883443e-05,0.007501363493953833,0.006381075296483234,0.009765938198706173,0.010397492835063353,0.010445485824720302,0.010043195380476563,0.012778627334662618,0.009774324638129975,0.010353489380436417,0.01155966019782277,0.006896144738652164,0.011184536681244884,0.00866218032106627,0.011601983238413369,0.00953103216519559,0.007838494047862968,0.010891408532416689,0.007569329628007767,0.012385683735176643,0.007989420073426816,0.007816926314714584,0.011141180420428498,0.010621804939569362,0.009445277555056962,0.010813639621738284,0.011228449765422505,0.0066804807268958264,0.008691972537037776,0.007751482907957235,0.00988669430311706,0.012845853422124957,0.011501610316315709
Liquidity,6.352114429431035e-06,-8.44044764430428e-06,-6.857714765968683e-06,-2.878499553011492e-05,-8.296851894948504e-06,-1.9369268405037047e-05,9.07447265518928e-05,-3.476684201676159e-05,2.3104024247947908e-06,9.257956631745398e-06,-2.0652754141365375e-05,-2.561019533337348e-05,2.9725182006932574e-05,-1.4333329741359761e-05,-2.9991355690400522e-05,-8.863472002929134e-06,1.50831560444529e-07,-2.092039358778331e-05,1.414144330363141e-05,-1.1747826987328013e-05,4.841428064776254e-05,0.00028939085624884943,-0.000103514268418373,-1.6138880035407455e-05,-0.00023867875110686017,-8.02556812312276e-06,-2.004987805071538e-05,-0.0003809984221241065,-0.00013685217480924306,-8.599644720903897e-05,0.00025810465279401854,7.533519889338148e-05,0.00012606263275151167,-7.605054794772257e-05,0.00018497158672193674,-0.0003692281106371579,-0.0003113632537042005,-0.00044207502265923777,0.00020049900564848475,4.830088553637223e-05,-8.268992893892839e-05,0.00017086275681314607,0.00012219075016782366,-7.284211299163522e-05,1.4673407308695975e-05,-0.00032465507684259666,-0.0006063527627157457,-7.160096724395628e-05,-0.0002089313430702484,9.279240782225412e-05,-0.0001403481204132536,-7.814967552140373e-05,-5.223721879578972e-05,9.807837560132504e-05,-0.0001838466714652709
Size,-1.7623703531831856e-05,-4.361953451888106e-05,-3.5704566687195774e-05,8.618431750187635e-05,5.179621431578077e-05,1.2063656391932463e-06,-0.00019165460401935342,2.0401134530323083e-05,-4.6987570858275394e-05,-6.172987785200429e-06,-2.805181726085615e-05,-1.4592967505194867e-05,-9.420556550549608e-05,2.2194410608090848e-05,5.713050727817663e-05,-2.7261824844151568e-05,2.5589696998094093e-05,2.9055529192513932e-05,-1.359827121225535e-05,-6.77528330742787e-05,-6.022117644883443e-05,-0.000103514268418373,0.0003863343915754667,0.0003819711169451105,0.00039438043050305205,0.00044554855123475753,0.0004249211566721033,0.0009147702955782986,0.00036714550036997704,0.0009763885491112294,-9.597801356466444e-05,0.0001036451147050698,5.3493762743300436e-05,0.0006290634474778839,9.599734682556891e-05,0.000904111212963367,0.0007956970397159282,0.0009690957517704613,0.00010982032285295282,0.00043712800053569834,0.0006472830550576721,5.363228497604277e-05,0.00032642506653262075,0.00046789993799434265,-8.227610291726531e-05,0.0008200670615239258,0.0009823929632425453,0.00044376025565098006,0.00025712283905160926,0.00027422631125088566,0.0008953055571829012,0.0005135235121687773,0.00012148746925330051,0.00042083285934134976,0.0005703142478741715
"Food, Beverage & Tobacco",-0.00022198217785812373,0.00015850623571828272,2.561508524887399e-05,0.001078340199474878,8.525319184113697e-06,-6.020125971305767e-05,-0.0009858377489214971,0.0013052796327900653,-0.0006439758749017014,0.00023557164027265815,-0.0008795099132273624,9.15677844889558e-05,-0.0008452847555361857,0.0002732410007316642,0.0004467660284799659,6.990334761729362e-06,0.0002458062066646445,-0.00021368002897463476,0.0001511175734739689,0.0024091997227874756,0.007501363493953833,-1.6138880035407455e-05,0.0003819711169451105,0.028063337563350978,0.02125948355360643,0.029379896343722643,0.030046158297825427,0.03136822325060055,0.028984129463216796,0.03292743831347284,0.02675948574249093,0.02762485267203139,0.029313843340822796,0.024263227154131074,0.027762157332314356,0.028712118280382358,0.03221364609612752,0.030831701228308576,0.025340141200084047,0.03152166256170952,0.025399142564007878,0.030668295090515437,0.027625465131310884,0.028771223128755144,0.026213861486874438,0.03405463013141874,0.03368126693978628,0.029439640724079872,0.03020291411531958,0.023685686699876814,0.02851394859796733,0.028917195162702122,0.02687598270498914,0.034729704835335475,0.03453664021763727
Health Insurance & Managed Care,-0.0001403772219095606,-3.728035499715817e-05,-2.401506738519381e-05,0.0007358757503577986,-3.8679316009097084e-05,4.711973835462822e-05,-0.00023096565287959183,0.0012194540576083823,-0.00028875535388029174,0.00019436754060942564,-0.0005939199453751934,0.00012034078397036991,-0.00040604621164214643,0.0002740523493216382,-0.00010867050369145138,5.203112405060349e-05,0.0002531660895884601,9.345519320801594e-05,0.0002312939389305798,0.0021097449964648904,0.006381075296483234,-0.00023867875110686017,0.00039438043050305205,0.02125948355360643,0.03310642438576154,0.026934008986451832,0.028498352483885363,0.026272386264396794,0.026868490219576747,0.028827587838513823,0.023971701377213696,0.02384532911178107,0.02750029112948746,0.02143148261395885,0.025030862526601312,0.02591121377989955,0.02821701754695236,0.027346572230999584,0.021922442717716283,0.02792900882317761,0.023853918771027317,0.026291473153220536,0.02756245955619126,0.02403864495787704,0.02453134171528811,0.029000874683211126,0.028533871365609913,0.028321723389730342,0.027003082897043056,0.024007475632075486,0.024902063924955906,0.02251947361523975,0.02646675835928881,0.030572009372374902,0.02855886968995568
Commercial & Professional Services,-0.00034741552703144074,0.00026901166023044116,0.00021473174520666833,0.0012603080416534753,7.272209330124452e-06,-0.00012012372667547087,-0.0004043797068050332,0.0014906349233687456,-0.000529114765834459,0.0003260546963210486,-0.0010163987687594465,0.0003009789970327619,-0.0009233798974812211,0.00045192872934838723,0.00025735708871287363,5.3027733570943043e-05,0.0003603265103913469,-0.00021400375133009825,1.4155476803489278e-05,0.003164721774141689,0.009765938198706173,-8.02556812312276e-06,0.00044554855123475753,0.029379896343722643,0.026934008986451832,0.040158090822254425,0.03733537412751878,0.03884865856329619,0.03808964831566252,0.04429380534740607,0.03538632860385316,0.03702043630356682,0.037661412745845904,0.029801548385624602,0.036707415676278006,0.0359162712088113,0.04236885596505914,0.03829775264514597,0.030470542730080104,0.04127762435271784,0.03125021968339729,0.040137435961655914,0.036590355890606795,0.03448614251700719,0.034704271302205325,0.04292897726002936,0.03950265720692166,0.038761300063714754,0.03910291611687202,0.030929681879856005,0.03572084066218418,0.0328528118599002,0.03666609203832183,0.045665266557941675,0.04411849888254385
Healthcare Equipment & Services,-0.00044761283284229286,0.00018861921303728782,0.0002387225780747943,0.0014763765108020666,-1.2885169859343397e-05,-0.00015887671584296855,-0.0015975500730441331,0.0019681878696699556,-0.0007880836778931043,0.0003839925607056815,-0.0013491560383065134,0.00028804358188566447,-0.0011892195307167226,0.00044302445405714706,0.00046830480853297013,-2.110091925213719e-05,0.0003443287056202945,-0.0004315168359166453,0.0002060567333544468,0.0035029320736733663,0.010397492835063353,-2.004987805071538e-05,0.0004249211566721033,0.030046158297825427,0.028498352483885363,0.03733537412751878,0.046746574131260564,0.039923381017940074,0.03672957473063961,0.04241107516517428,0.03489269592725746,0.037202627443017874,0.0408856805517128,0.028767362292436476,0.03645238056816562,0.03614826153194488,0.04167545235592416,0.03961215284229532,0.02985537340816739,0.04057373955009823,0.0373827472643745,0.040540608480297315,0.032504043192922695,0.035712061263391506,0.035271590047630634,0.04516134455235408,0.044754143542263,0.0382542241746323,0.03922446249842297,0.028503391420405623,0.03463399092586805,0.03414076527559866,0.03576420489535764,0.044514277917183404,0.04479142155459049
Consumer Durables & Apparel,-0.00043256284000712706,0.0005253391119509254,0.00017639226788578746,0.0018869920868931074,0.00024264901323630525,-7.167591969499351e-05,-0.0017549004221648907,0.002152598594964092,-0.0007273427624291095,0.00040401380906492475,-0.0012755294050968205,0.00023223522511694406,-0.0015045934451788192,0.0005232417839793608,0.000693686076088516,-5.74825405963122e-05,0.0004556785172144163,-0.0003847332545823079,0.00023177711543101543,0.0036005771686224053,0.010445485824720302,-0.0003809984221241065,0.0009147702955782986,0.03136822325060055,0.026272386264396794,0.03884865856329619,0.039923381017940074,0.049295611033397226,0.03959020975535214,0.04479253472584917,0.035654621379091006,0.03962419460415641,0.04005656796503999,0.03265679569182298,0.03616133487411954,0.04325639485891688,0.046665989285412254,0.043551931256980876,0.03017307764435899,0.04217105940754042,0.03388433155667124,0.03987597374596102,0.034009604564751696,0.03671594743880323,0.0353267472680954,0.048718951215437414,0.0450288806412486,0.039416405581968336,0.04152511069243858,0.027752689083953147,0.04045350334086481,0.03727929437407334,0.035461149982286826,0.04620554348885271,0.0448448719672448
Consumer Services,-0.00037158217238779595,0.00026816168240420356,0.00022255521196328152,0.0013906301043750816,8.199296726874379e-05,-0.00013507007943933566,-0.0005162803085914045,0.0015617766326862133,-0.000495706789126853,0.00038326673286929503,-0.0010965223047874689,0.0003185130694866411,-0.0009461405916242747,0.00047636849548006845,0.00028979543524602593,2.168847147806092e-06,0.000379055021601326,-0.00024108674330473588,0.00022147405964537326,0.003289236628763751,0.010043195380476563,-0.00013685217480924306,0.00036714550036997704,0.028984129463216796,0.026868490219576747,0.03808964831566252,0.03672957473063961,0.03959020975535214,0.04183519751549215,0.04322487713629319,0.03519243719506178,0.03688981598996126,0.03747722536634588,0.030170881872317507,0.03664624534467694,0.03644913065812255,0.04224446603858639,0.03791946216557329,0.029643406137406653,0.04049970859732938,0.030192868320032762,0.039811633673276364,0.03549089747161005,0.033960491052458595,0.034111113467423744,0.0425561675531694,0.03892459511875035,0.038048486792824444,0.03851227478787944,0.029595054998670482,0.03608173364564114,0.03325473513966432,0.03564260202948269,0.04494088859983821,0.043023655475720624
Banks,4.92474563522992e-05,0.0002969416393750537,-0.0003035184028613111,0.002307939856237205,-9.379671609361806e-05,-0.00011432996146127978,-0.0006326487590696242,0.0018471173620961947,-0.0009569898325553269,0.00021290655740887392,-0.0017420061734141597,0.0001331500744579494,-0.0013082373717554535,0.0006523568717271979,0.000527742284293967,5.2839511634583326e-05,0.0003667735434036007,-2.816032228769862e-05,0.00024124663271144566,0.0036154205559586193,0.012778627334662618,-8.599644720903897e-05,0.0009763885491112294,0.03292743831347284,0.028827587838513823,0.04429380534740607,0.04241107516517428,0.04479253472584917,0.04322487713629319,0.06757120496137327,0.04157203525494635,0.04127449109865728,0.04007003678692188,0.03336769006446676,0.04660042399397721,0.040662224552815936,0.05230846866548592,0.04410947084676073,0.0367306600778471,0.0519158321897368,0.03659409614827163,0.049938427404639704,0.044577631233949845,0.04090032076757182,0.038942077016004176,0.049992263277199016,0.04894838157621751,0.04515918364876393,0.04719815873206595,0.03625322296438245,0.04365403468192523,0.03635341254650839,0.041020572422275546,0.05915183914822122,0.05463592578881223
Media,-0.000202323534161858,0.0004019327204498398,0.00037438998960714936,0.001153038344258006,-0.0001119571420100712,-0.0001194018588072741,-7.248668550727296e-05,0.0014065602762405667,-0.0003731912016296954,0.0002842367872100907,-0.0010143602147643389,0.00043627067306251804,-0.000826184745415078,0.00041100739486232477,0.00018073860745829195,0.00016487134173217812,0.0003355061001173662,-0.00025746990325142523,0.00019983727762109478,0.0033403226338290645,0.009774324638129975,0.00025810465279401854,-9.597801356466444e-05,0.02675948574249093,0.023971701377213696,0.03538632860385316,0.03489269592725746,0.035654621379091006,0.03519243719506178,0.04157203525494635,0.0391181206326352,0.03616318860369645,0.036260096622664384,0.02692213848293039,0.035787542421914856,0.032184442367841376,0.038971941430001156,0.033661901801278656,0.028164303783871157,0.03933454655797335,0.028670923449726562,0.039038812937660344,0.033241592755878124,0.031272110392481865,0.033972423140479484,0.039074373365563644,0.035700127978934716,0.03568987257636729,0.036551030837340306,0.030189215764270364,0.0328025141822652,0.02986814421307342,0.03477309116615758,0.04380347072587517,0.040672150532613284
